 77387      5   1504
 18091   1504   1505
 66109   1505   1506
 35187   1506   1507
 19035   1507   1508
 38027   1508   1509
 33837   1509   1510
 61227   1510   1511
 65189   1511   1512
 33256   1512   1513
 19940   1513   1514
 33325   1514   1515
 19971   1515   1516
 33402   1516   1517
 63790   1517   1518
 60934   1518   1519
 33457   1519   1520
 35931   1520   1521
 33505   1521   1522
 36210   1522   1523
 33564   1523   1524
 36412   1524   1525
 33611   1525   1526
 36684   1526   1527
 33686   1527   1528
  6611   1528   1529
 33778   1529   1530
 19064   1530   1531
 43023   1531   1532
 34679   1532   1533
 39582   1533   1534
 37088   1534   1535
 67405   1535      1
 99591      7   1555
 92990   1555   1556
 89836   1556   1557
 92742   1557   1558
 89755   1558   1559
101119   1559   1560
104020   1560   1561
 89665   1561   1562
 85402   1562   1563
 89748   1563   1564
 85446   1564   1565
 89808   1565   1566
 98749   1566   1567
 97763   1567   1568
 89842   1568   1569
103470   1569   1570
 89859   1570   1571
 85484   1571   1572
 89801   1572   1573
 85452   1573   1574
 89760   1574   1575
 84983   1575   1576
 85071   1576   1577
 89891   1577   1578
 90799   1578   1579
 90097   1579   1580
 90994   1580   1581
 90264   1581   1582
101581   1582      5
118937      9   1603
112128   1603   1604
119691   1604   1605
111813   1605   1606
113793   1606   1607
111672   1607   1608
113743   1608   1609
111618   1609   1610
111624   1610   1611
113770   1611   1612
111693   1612   1613
113835   1613   1614
111912   1614   1615
117768   1615      7
142721     11   1631
143562   1631   1632
141380   1632   1633
133951   1633   1634
142506   1634   1635
122447   1635   1636
132422   1636   1637
127604   1637   1638
133613   1638   1639
133508   1639   1640
141085   1640   1641
135405   1641   1642
143685   1642   1643
142709   1643      9
214485      3   1786
199502   1786   1787
178772   1787   1788
180460   1788   1789
178546   1789   1790
224942   1790   1791
216044   1791   1792
178444   1792   1793
211965   1793   1794
178410   1794   1795
180289   1795   1796
178378   1796   1797
222948   1797   1798
214741   1798   1799
178379   1799   1800
162668   1800   1801
178380   1801   1802
229125   1802   1803
218878   1803   1804
178356   1804   1805
161462   1805   1806
161788   1806   1807
178334   1807   1808
162641   1808   1809
178295   1809   1810
162631   1810   1811
178259   1811   1812
161463   1812   1813
161759   1813   1814
178202   1814   1815
162578   1815   1816
178064   1816   1817
226501   1817   1818
177950   1818   1819
144910   1819   1820
193842   1820   1821
177759   1821   1822
229154   1822   1823
216773   1823   1824
177717   1824   1825
162452   1825   1826
177689   1826   1827
162445   1827   1828
177652   1828   1829
162434   1829   1830
177617   1830   1831
184487   1831   1832
216602   1832   1833
177625   1833   1834
162435   1834   1835
177637   1835   1836
162439   1836   1837
177651   1837   1838
190252   1838   1839
177666   1839   1840
161430   1840   1841
226545   1841   1842
177830   1842   1843
162503   1843   1844
177944   1844   1845
209997   1845   1846
178056   1846   1847
162574   1847   1848
178196   1848   1849
223085   1849   1850
214877   1850   1851
178207   1851   1852
162608   1852   1853
178215   1853   1854
162610   1854   1855
178218   1855   1856
190105   1856   1857
178225   1857   1858
161451   1858   1859
156679   1859   1860
178234   1860   1861
186727   1861   1862
178240   1862   1863
162619   1863   1864
178242   1864   1865
186728   1865   1866
178244   1866   1867
150207   1867   1868
178247   1868   1869
151725   1869   1870
178258   1870   1871
162626   1871   1872
178262   1872   1873
162628   1873   1874
178271   1874   1875
162629   1875   1876
178274   1876   1877
162633   1877   1878
178280   1878   1879
162635   1879   1880
178289   1880   1881
162638   1881   1882
178301   1882   1883
162639   1883   1884
178310   1884   1885
209590   1885   1886
178318   1886   1887
221432   1887   1888
223907   1888   1889
178330   1889   1890
162648   1890   1891
178349   1891   1892
162654   1892   1893
178370   1893   1894
208994   1894   1895
213107   1895   1896
178392   1896   1897
226027   1897   1898
216036   1898   1899
178411   1899   1900
161495   1900   1901
161811   1901   1902
178424   1902   1903
221566   1903   1904
207760   1904   1905
178453   1905   1906
161499   1906   1907
161830   1907   1908
178470   1908   1909
221377   1909   1910
213205   1910   1911
178536   1911   1912
180380   1912   1913
178581   1913   1914
159331   1914   1915
178647   1915   1916
180472   1916   1917
178723   1917   1918
161541   1918   1919
162004   1919   1920
179136   1920   1921
151707   1921   1922
179171   1922   1923
208626   1923   1924
179898   1924   1925
217545   1925     11
