100512      7   2543
 89147   2543   2544
 89610   2544   2545
 89205   2545   2546
 89693   2546   2547
 89127   2547   2548
 89218   2548   2549
 89468   2549   2550
 89175   2550   2551
 89477   2551   2552
 89254   2552   2553
 89543   2553   2554
 89335   2554   2555
 89572   2555   2556
 89407   2556   2557
 89435   2557   2558
 89750   2558   2559
 89599   2559   2560
 89706   2560   2561
 90650   2561   2562
 90316   2562   2563
 89197   2563   2564
 89153   2564   2565
 87288   2565   2566
 87729   2566   2567
 88714   2567   2568
 90366   2568   2569
 89484   2569   2570
103906   2570   2571
 89488   2571   2572
 90369   2572   2573
 89498   2573   2574
101439   2574   2575
 90545   2575   2576
 89503   2576   2577
 90375   2577   2578
 89504   2578   2579
 90378   2579   2580
 89512   2580   2581
 89520   2581   2582
103455   2582   2583
 89525   2583   2584
 89539   2584   2585
 90396   2585   2586
 89540   2586   2587
 98003   2587   2588
 89546   2588   2589
100561   2589   2590
 99083   2590   2591
 89566   2591   2592
 90423   2592   2593
 89573   2593   2594
 89478   2594   2595
 90585   2595   2596
 89457   2596   2597
 95263   2597   2598
101791   2598   2599
 89305   2599   2600
 87214   2600   2601
 89125   2601   2602
 88783   2602   2603
 89778   2603   2604
 80937   2604   2605
 86929   2605   2606
102868   2606   2607
 89516   2607   2608
 91554   2608   2609
 89544   2609   2610
100188   2610   2611
 89485   2611   2612
104095   2612   2613
 89440   2613   2614
 90345   2614   2615
 89416   2615   2616
101847   2616   2617
 89430   2617   2618
104425   2618   2619
 89386   2619   2620
 91251   2620   2621
 89380   2621   2622
 79897   2622   2623
 89325   2623   2624
 86515   2624   2625
 89185   2625   2626
 89421   2626   2627
 89194   2627   2628
 83264   2628   2629
 89140   2629   2630
 89471   2630   2631
 89129   2631   2632
 90352   2632   2633
 89107   2633   2634
 80247   2634   2635
 89115   2635   2636
 94560   2636   2637
 89144   2637   2638
 81555   2638   2639
 89180   2639   2640
 91859   2640   2641
 88844   2641   2642
 81817   2642   2643
 89187   2643   2644
 83825   2644   2645
 88697   2645   2646
 85628   2646   2647
 89052   2647   2648
 84712   2648   2649
 88932   2649   2650
 87802   2650   2651
 89121   2651   2652
102452   2652   2653
 89301   2653   2654
 90576   2654   2655
 89424   2655   2656
 90638   2656   2657
 89464   2657   2658
 90364   2658   2659
 89506   2659   2660
 90549   2660   2661
 89625   2661   2662
 91080   2662   2663
 89690   2663   2664
 90407   2664   2665
 90897   2665   2666
 89800   2666   2667
 90785   2667   2668
 89849   2668   2669
 91238   2669   2670
 89983   2670   2671
 93999   2671   2672
 93606   2672   2673
 89911   2673   2674
 95098   2674   2675
100211   2675   2676
 90062   2676   2677
 91727   2677   2678
 89997   2678   2679
 91739   2679   2680
 90101   2680   2681
 92046   2681   2682
 92325   2682   2683
 90030   2683   2684
 88589   2684   2685
 90322   2685   2686
 90229   2686   2687
 98410   2687   2688
 81411   2688   2689
 90071   2689   2690
 95064   2690   2691
102494   2691   2692
 90250   2692   2693
 99048   2693   2694
100951   2694   2695
 90036   2695   2696
 91268   2696   2697
 94537   2697   2698
 89992   2698   2699
 90318   2699   2700
 89986   2700   2701
 82346   2701   2702
 90043   2702   2703
 98001   2703   2704
 99913   2704   2705
 89929   2705   2706
 92817   2706   2707
 90044   2707   2708
 93118   2708   2709
102516   2709   2710
 89876   2710   2711
 92589   2711   2712
 94825   2712   2713
 89910   2713   2714
 84990   2714   2715
 89735   2715   2716
 90869   2716   2717
 89682   2717   2718
 94208   2718   2719
 91855   2719   2720
 89562   2720   2721
 92736   2721   2722
 92947   2722   2723
 89639   2723   2724
 92536   2724   2725
 89422   2725   2726
 93706   2726   2727
 89363   2727   2728
 82573   2728   2729
 89230   2729   2730
 88857   2730   2731
 87880   2731   2732
 85610   2732   2733
 88753   2733   2734
 97471   2734   2735
 82833   2735   2736
 89007   2736   2737
 81305   2737   2738
 85671   2738   2739
 86945   2739   2740
 89583   2740   2741
 88472   2741   2742
 92609   2742   2743
 95877   2743   2744
 88535   2744   2745
 96862   2745   2746
 89826   2746   2747
 88599   2747   2748
 84161   2748   2749
 88562   2749   2750
 84374   2750   2751
 88512   2751   2752
 89717   2752   2753
 88519   2753   2754
102980   2754   2755
 88530   2755   2756
104322   2756   2757
 88630   2757   2758
 89789   2758   2759
 88712   2759   2760
 89822   2760   2761
 88786   2761   2762
 88812   2762   2763
 89867   2763   2764
 88864   2764   2765
 89871   2765   2766
 88870   2766   2767
 91476   2767   2768
 88876   2768   2769
 91109   2769   2770
103999   2770   2771
 88902   2771   2772
 96198   2772   2773
 88913   2773   2774
 89895   2774   2775
 88917   2775   2776
 89900   2776   2777
 88922   2777   2778
 90807   2778   2779
103400   2779   2780
 88939   2780   2781
104786   2781   2782
 88955   2782   2783
 90108   2783   2784
 88961   2784   2785
 89916   2785   2786
 88969   2786   2787
 91816   2787   2788
102515   2788   2789
 88986   2789   2790
 89931   2790   2791
 88996   2791   2792
 89937   2792   2793
 89001   2793   2794
 89941   2794   2795
 89004   2795   2796
 83925   2796   2797
 84493   2797   2798
 88573   2798   2799
 81549   2799   2800
 88151   2800   2801
 85018   2801   2802
101467   2802      8
