118967      9   2803
118379   2803   2804
115291   2804   2805
119655   2805   2806
115474   2806   2807
115569   2807   2808
116007   2808   2809
115610   2809   2810
115618   2810   2811
115627   2811   2812
115636   2812   2813
115644   2813   2814
115705   2814   2815
115758   2815   2816
115815   2816   2817
115886   2817   2818
115877   2818   2819
115871   2819   2820
118724   2820   2821
115850   2821   2822
115846   2822   2823
115840   2823   2824
115831   2824   2825
115812   2825   2826
115805   2826   2827
115795   2827   2828
118408   2828   2829
115780   2829   2830
115776   2830   2831
115770   2831   2832
118989   2832   2833
115754   2833   2834
115743   2834   2835
115731   2835   2836
115729   2836   2837
115720   2837   2838
115713   2838   2839
115703   2839   2840
115695   2840   2841
115689   2841   2842
121596   2842   2843
115673   2843   2844
115664   2844   2845
115654   2845   2846
115651   2846   2847
115645   2847   2848
115640   2848   2849
115637   2849   2850
117571   2850   2851
115641   2851   2852
115643   2852   2853
115646   2853   2854
120763   2854   2855
115682   2855   2856
115700   2856   2857
115724   2857   2858
115745   2858   2859
115768   2859   2860
115790   2860   2861
115817   2861   2862
118001   2862   2863
115847   2863   2864
115870   2864   2865
115885   2865   2866
115903   2866   2867
115917   2867   2868
115931   2868   2869
115947   2869   2870
115945   2870   2871
115943   2871   2872
117306   2872   2873
115940   2873   2874
115939   2874   2875
115938   2875   2876
121199   2876   2877
115935   2877   2878
115934   2878   2879
115933   2879   2880
115932   2880   2881
115928   2881   2882
119507   2882   2883
115926   2883   2884
115925   2884   2885
115923   2885   2886
115921   2886   2887
115920   2887   2888
115918   2888   2889
115916   2889   2890
115914   2890   2891
115913   2891   2892
115911   2892   2893
115910   2893   2894
115909   2894   2895
115907   2895   2896
116960   2896   2897
115906   2897   2898
115905   2898   2899
115904   2899   2900
116711   2900   2901
115900   2901   2902
115897   2902   2903
115894   2903   2904
117820   2904   2905
115891   2905   2906
115890   2906   2907
115887   2907   2908
117927   2908   2909
115883   2909   2910
115879   2910   2911
115873   2911   2912
116686   2912   2913
115865   2913   2914
116943   2914   2915
115804   2915   2916
115853   2916   2917
115868   2917   2918
119900   2918   2919
115961   2919   2920
115915   2920   2921
115844   2921   2922
120537   2922   2923
115820   2923   2924
115828   2924   2925
115841   2925   2926
120386   2926   2927
115857   2927   2928
115863   2928   2929
115867   2929   2930
115866   2930   2931
115864   2931   2932
115861   2932   2933
115860   2933   2934
115859   2934   2935
115858   2935   2936
121032   2936   2937
115855   2937   2938
115851   2938   2939
115849   2939   2940
115848   2940   2941
115845   2941   2942
115843   2942   2943
115839   2943   2944
115838   2944   2945
115834   2945   2946
115827   2946   2947
115810   2947   2948
115797   2948   2949
115787   2949   2950
115736   2950   2951
115671   2951   2952
115652   2952   2953
115629   2953   2954
115621   2954   2955
115594   2955   2956
115638   2956   2957
115677   2957   2958
115719   2958   2959
115588   2959   2960
115749   2960   2961
115789   2961   2962
115862   2962   2963
115769   2963   2964
115973   2964   2965
115756   2965   2966
118806   2966   2967
115730   2967   2968
115833   2968   2969
115710   2969   2970
121585   2970   2971
115685   2971   2972
115796   2972   2973
115680   2973   2974
115803   2974   2975
115649   2975   2976
115773   2976   2977
115635   2977   2978
115662   2978   2979
115619   2979   2980
115676   2980   2981
115609   2981   2982
115601   2982   2983
115591   2983   2984
115548   2984   2985
115573   2985   2986
115570   2986   2987
115563   2987   2988
115558   2988   2989
115550   2989   2990
115509   2990   2991
115538   2991   2992
116023   2992   2993
115511   2993   2994
115504   2994   2995
115496   2995   2996
115490   2996   2997
115483   2997   2998
115473   2998   2999
115468   2999   3000
117625   3000   3001
115442   3001   3002
115438   3002   3003
115434   3003   3004
121487   3004   3005
115417   3005   3006
115410   3006   3007
115399   3007   3008
115327   3008   3009
115370   3009   3010
115320   3010   3011
115347   3011   3012
115334   3012   3013
115316   3013   3014
115285   3014   3015
115300   3015   3016
115295   3016   3017
115277   3017   3018
115185   3018   3019
115261   3019   3020
115356   3020   3021
115240   3021   3022
115258   3022   3023
115257   3023   3024
121567   3024   3025
115213   3025   3026
115281   3026   3027
115321   3027   3028
113872   3028   3029
115182   3029   3030
115265   3030   3031
115304   3031   3032
115199   3032   3033
115110   3033   3034
113212   3034   3035
115204   3035   3036
113217   3036   3037
114975   3037   3038
115066   3038   3039
115064   3039   3040
113527   3040   3041
114781   3041   3042
118020   3042   3043
118885   3043   3044
114680   3044   3045
113649   3045   3046
114442   3046   3047
114390   3047   3048
116041   3048   3049
114235   3049   3050
117985   3050   3051
114203   3051   3052
116025   3052   3053
114224   3053   3054
117106   3054   3055
113979   3055   3056
117320   3056   3057
113848   3057   3058
120105   3058   3059
118617   3059   3060
113792   3060   3061
119702   3061   3062
113823   3062   3063
120950   3063   3064
113922   3064   3065
115901   3065   3066
116150   3066   3067
114231   3067   3068
118935   3068   3069
118871   3069   3070
114301   3070   3071
118745   3071   3072
118888   3072   3073
114453   3073   3074
115228   3074   3075
114076   3075   3076
114531   3076   3077
114327   3077   3078
114590   3078   3079
118121   3079   3080
121140   3080   3081
114670   3081   3082
115977   3082   3083
114687   3083   3084
105824   3084   3085
118147   3085   3086
114673   3086   3087
106074   3087   3088
118073   3088   3089
114735   3089   3090
106942   3090   3091
119544   3091   3092
114745   3092   3093
117141   3093   3094
114814   3094   3095
115075   3095   3096
121167   3096   3097
114877   3097   3098
120734   3098   3099
115007   3099   3100
120458   3100   3101
115086   3101   3102
119841   3102   3103
114457   3103   3104
115135   3104   3105
114343   3105   3106
115221   3106   3107
114662   3107   3108
115231   3108   3109
121271   3109   3110
115331   3110   3111
120828   3111   3112
115358   3112   3113
118174   3113   3114
115395   3114   3115
116821   3115   3116
115407   3116   3117
115192   3117   3118
115477   3118   3119
115343   3119   3120
115524   3120   3121
115440   3121   3122
115564   3122   3123
115513   3123   3124
115590   3124   3125
115630   3125   3126
115666   3126   3127
120139   3127   3128
115723   3128   3129
119325   3129   3130
115752   3130   3131
120797   3131   3132
115779   3132   3133
117767   3133   3134
115869   3134   3135
115528   3135   3136
115895   3136   3137
115962   3137   3138
115987   3138   3139
115992   3139   3140
115967   3140   3141
116008   3141   3142
116084   3142   3143
116117   3143   3144
116061   3144   3145
116852   3145   3146
115995   3146   3147
115359   3147   3148
116019   3148   3149
115696   3149   3150
115976   3150   3151
115549   3151   3152
115946   3152   3153
116598   3153   3154
115872   3154   3155
121344   3155   3156
115786   3156   3157
121092   3157   3158
115799   3158   3159
118835   3159   3160
115725   3160   3161
120414   3161   3162
115842   3162   3163
105692   3163   3164
120769   3164   3165
115361   3165   3166
106491   3166   3167
119953   3167   3168
115683   3168   3169
105766   3169   3170
119313   3170   3171
114956   3171   3172
119055   3172   3173
115021   3173   3174
119792   3174   3175
115715   3175   3176
118170   3176   3177
116015   3177   3178
117312   3178   3179
116528   3179   3180
117172   3180   3181
116851   3181   3182
117482   3182   3183
117117   3183   3184
119891   3184   3185
120324   3185   3186
117475   3186   3187
120752   3187   3188
116098   3188   3189
118137   3189   3190
118410   3190   3191
118722   3191   3192
118947   3192   3193
119220   3193   3194
119421   3194   3195
119500   3195   3196
119469   3196   3197
119707   3197   3198
119799   3198   3199
120067   3199   3200
120177   3200   3201
120428   3201   3202
119635   3202   3203
120653   3203   3204
119975   3204   3205
120651   3205   3206
120738   3206   3207
120656   3207   3208
119896   3208   3209
119790   3209   3210
120179   3210   3211
120060   3211   3212
119811   3212   3213
119382   3213   3214
119743   3214   3215
119568   3215   3216
119381   3216   3217
118820   3217   3218
118942   3218   3219
118759   3219   3220
119090   3220   3221
118534   3221   3222
121393   3222   3223
118741   3223   3224
118006   3224   3225
118854   3225   3226
118597   3226   3227
117609   3227   3228
121632   3228   3229
118842   3229   3230
117272   3230   3231
118374   3231   3232
118326   3232   3233
117065   3233   3234
118086   3234   3235
121175   3235   3236
116928   3236   3237
117586   3237   3238
117063   3238   3239
116831   3239   3240
118292   3240   3241
106404   3241   3242
116727   3242   3243
117011   3243   3244
116533   3244   3245
116624   3245   3246
116430   3246   3247
119905   3247   3248
116285   3248   3249
116393   3249   3250
116160   3250   3251
116368   3251   3252
116101   3252   3253
116381   3253   3254
116055   3254   3255
121558   3255   3256
115953   3256   3257
117468   3257   3258
115912   3258   3259
116848   3259   3260
115714   3260   3261
116878   3261   3262
115716   3262   3263
116783   3263   3264
115566   3264   3265
116961   3265   3266
115620   3266   3267
116934   3267   3268
115523   3268   3269
116333   3269   3270
115571   3270   3271
117421   3271   3272
115500   3272   3273
120262   3273   3274
115535   3274   3275
114825   3275   3276
115555   3276   3277
115541   3277   3278
115497   3278   3279
115546   3279   3280
115536   3280   3281
114146   3281   3282
115387   3282   3283
114199   3283   3284
115415   3284   3285
115404   3285   3286
115274   3286   3287
115336   3287   3288
115247   3288   3289
115195   3289   3290
115116   3290   3291
113343   3291   3292
115024   3292   3293
116828   3293   3294
115002   3294   3295
115032   3295   3296
118789   3296   3297
115000   3297   3298
116827   3298   3299
114996   3299   3300
118115   3300   3301
120850   3301   3302
114993   3302   3303
114991   3303   3304
114989   3304   3305
115006   3305   3306
115013   3306   3307
114987   3307   3308
114986   3308   3309
114985   3309   3310
119579   3310   3311
120303   3311   3312
114982   3312   3313
114980   3313   3314
114978   3314   3315
121457   3315   3316
117896   3316   3317
114974   3317   3318
121250   3318   3319
114972   3319   3320
121021   3320   3321
114977   3321   3322
114970   3322   3323
114969   3323   3324
114966   3324   3325
114971   3325   3326
120595   3326   3327
114965   3327   3328
114964   3328   3329
114962   3329   3330
118849   3330   3331
119039   3331   3332
114960   3332   3333
114959   3333   3334
114958   3334   3335
118270   3335   3336
114961   3336   3337
114955   3337   3338
115001   3338   3339
114951   3339   3340
119117   3340   3341
118324   3341   3342
114950   3342   3343
114949   3343   3344
114948   3344   3345
118495   3345   3346
107382   3346   3347
114947   3347   3348
114946   3348   3349
114940   3349   3350
114941   3350   3351
114942   3351   3352
114939   3352   3353
117081   3353   3354
114935   3354   3355
121375   3355   3356
119660   3356   3357
114934   3357   3358
114932   3358   3359
114931   3359   3360
114933   3360   3361
118664   3361   3362
114927   3362   3363
114925   3363   3364
114923   3364   3365
114924   3365   3366
114926   3366   3367
114921   3367   3368
114920   3368   3369
114918   3369   3370
120610   3370   3371
117135   3371   3372
114915   3372   3373
105727   3373   3374
114911   3374   3375
119926   3375   3376
114912   3376   3377
114909   3377   3378
114908   3378   3379
114906   3379   3380
118484   3380   3381
118514   3381   3382
114904   3382   3383
117275   3383   3384
114901   3384   3385
114902   3385   3386
114903   3386   3387
114900   3387   3388
114899   3388   3389
114898   3389   3390
118458   3390   3391
111456   3391   3392
114894   3392   3393
114893   3393   3394
114890   3394   3395
121444   3395   3396
120961   3396   3397
114887   3397   3398
114885   3398   3399
114884   3399   3400
118731   3400   3401
105902   3401   3402
114881   3402   3403
114880   3403   3404
114879   3404   3405
119930   3405   3406
117786   3406   3407
114878   3407   3408
114886   3408   3409
114876   3409   3410
117058   3410   3411
105688   3411   3412
114871   3412   3413
114870   3413   3414
114869   3414   3415
118663   3415   3416
120066   3416   3417
114866   3417   3418
114865   3418   3419
114864   3419   3420
118395   3420   3421
114861   3421   3422
114858   3422   3423
114856   3423   3424
114854   3424   3425
121273   3425   3426
120598   3426   3427
114850   3427   3428
114849   3428   3429
114847   3429   3430
114821   3430   3431
114795   3431   3432
114774   3432   3433
114752   3433   3434
114720   3434   3435
120762   3435   3436
114695   3436   3437
114682   3437   3438
114665   3438   3439
114630   3439   3440
114561   3440   3441
114520   3441   3442
114496   3442   3443
118770   3443   3444
120504   3444   3445
114377   3445   3446
114290   3446   3447
114225   3447   3448
115959   3448   3449
118302   3449     10
