 67388      1     13
 59497     13     14
 48203     14     15
 74269     15     16
 48665     16     17
 72258     17     18
 48808     18     19
 48751     19     20
 63918     20     21
 67021     21     22
 48957     22     23
 69483     23     24
 49001     24     25
 70285     25     26
 49048     26     27
 49063     27     28
 49085     28     29
 49123     29     30
 69058     30     31
 49134     31     32
 70066     32     33
 69853     33     34
 49177     34     35
 69182     35     36
 68888     36     37
 49237     37     38
 67431     38     39
 49241     39     40
 49242     40     41
 66627     41     42
 69232     42     43
 49246     43     44
 78031     44     45
  3536     45     46
 49278     46     47
  2119     47     48
 56605     48     49
 49336     49     50
 69258     50     51
 66782     51     52
 49419     52     53
 68262     53     54
 69132     54     55
 49523     55     56
 59306     56     57
  6484     57     58
 49522     58     59
   936     59     60
  4718     60     61
 49521     61     62
  1516     62     63
 64476     63     64
 49519     64     65
 69037     65     66
 68479     66     67
 49513     67     68
 66581     68     69
 69243     69     70
 49494     70     71
 53374     71     72
  2637     72     73
 49480     73     74
  3490     74     75
 78032     75     76
 49379     76     77
 69275     77     78
 67066     78     79
 49229     79     80
 68044     80     81
 69203     81     82
 49230     82     83
 63316     83     84
  2039     84     85
 49231     85     86
  8094     86     87
  1581     87     88
 49232     88     89
  7224     89     90
 58573     90     91
 49233     91     92
 69029     92     93
 68419     93     94
 49234     94     95
 66480     95     96
 69185     96     97
 49235     97     98
 78122     98     99
  4526     99    100
 49236    100    101
  2627    101    102
 58585    102    103
 49238    103    104
 69249    104    105
 67167    105    106
 49245    106    107
 68181    107    108
 69192    108    109
 49249    109    110
 58672    110    111
  7102    111    112
 49328    112    113
 53274    113    114
  5331    114    115
 49404    115    116
  2002    116    117
 64720    117    118
 49458    118    119
 69080    119    120
 68564    120    121
 49542    121    122
 66580    122    123
  1384    123    124
 49614    124    125
   213    125    126
  5255    126    127
 49651    127    128
  3132    128    129
 60273    129    130
 49652    130    131
 69336    131    132
 67640    132    133
 49655    133    134
 67972    134    135
 69337    135    136
 49656    136    137
 58876    137    138
  6748    138    139
 49659    139    140
  3712    140    141
 51448    141    142
 49660    142    143
  1830    143    144
 66345    144    145
 49662    145    146
 68755    146    147
 69119    147    148
 49667    148    149
 65045    149    150
  2853    150    151
 49670    151    152
 56599    152    153
  6226    153    154
 49672    154    155
  2992    155    156
 64478    156    157
 49674    157    158
 69271    158    159
 68432    159    160
 49675    160    161
 67418    161    162
 69264    162    163
 49676    163    164
 49677    164    165
 49679    165    166
 49680    166    167
 12145    167    168
 56481    168    169
 49688    169    170
 49689    170    171
 49693    171    172
 49694    172    173
 52651    173    174
 19696    174    175
 49697    175    176
 49698    176    177
 49703    177    178
 49705    178    179
 63330    179    180
 64374    180    181
 49707    181    182
 65850    182    183
 66403    183    184
 49712    184    185
 61180    185    186
 49713    186    187
 49715    187    188
 66115    188    189
 68155    189    190
 49717    190    191
 70952    191    192
 71167    192    193
 49719    193    194
 70914    194    195
 71242    195    196
 49721    196    197
 67203    197    198
 66734    198    199
 49724    199    200
 73723    200    201
 74729    201    202
 49728    202    203
 76412    203    204
 77057    204    205
 49733    205    206
 77485    206    207
 63406    207    208
 49735    208    209
 77175    209    210
 68820    210    211
 49738    211    212
 64819    212    213
  3531    213    214
 49741    214    215
 49742    215    216
 49743    216    217
 49744    217    218
 70330    218    219
 59878    219    220
 49748    220    221
 63444    221    222
 73391    222    223
 49756    223    224
 75305    224    225
 75618    225    226
 49759    226    227
 76124    227    228
 49761    228    229
 49762    229    230
 75784    230    231
 65379    231    232
 49764    232    233
 62867    233    234
 77725    234    235
 49769    235    236
 31242    236    237
   826    237    238
 49771    238    239
  7451    239    240
 58862    240    241
 49777    241    242
 67287    242    243
 69222    243    244
 49784    244    245
 51989    245    246
  8786    246    247
 49787    247    248
 49789    248    249
 58110    249    250
 49791    250    251
 67771    251    252
 70054    252    253
 49794    253    254
 68747    254    255
 65184    255    256
 49798    256    257
 66914    257    258
 68986    258    259
 49802    259    260
 59676    260    261
  1069    261    262
 49809    262    263
  5277    263    264
   180    264    265
 49813    265    266
 15672    266    267
 54850    267    268
 49819    268    269
 62904    269    270
 66273    270    271
 49821    271    272
 66955    272    273
 49823    273    274
 49824    274    275
 69660    275    276
 72702    276    277
 49826    277    278
 76448    278    279
 77330    279    280
 49832    280    281
 78088    281    282
 58470    282    283
 49834    283    284
 13011    284    285
 56204    285    286
 49840    286    287
 60977    287    288
 67099    288    289
 49845    289    290
 73148    290    291
 74570    291    292
 49850    292    293
 77128    293    294
 49851    294    295
 49854    295    296
 69286    296    297
 68375    297    298
 49859    298    299
 56036    299    300
  4496    300    301
 49864    301    302
 49862    302    303
 49867    303    304
 49870    304    305
 69049    305    306
 72365    306    307
 49873    307    308
 75056    308    309
 50048    309    310
 49876    310    311
 77421    311    312
 67534    312    313
 49881    313    314
 67967    314    315
 69321    315    316
 49885    316    317
 49883    317    318
 49887    318    319
 49890    319    320
 73561    320    321
 75567    321    322
 49897    322    323
 77977    323    324
 49895    324    325
 49905    325    326
  1774    326    327
 66854    327    328
 49908    328    329
 67456    329    330
 70213    330    331
 49913    331    332
 74191    332    333
 64090    333    334
 49917    334    335
 77557    335    336
 69362    336    337
 49921    337    338
 55838    338    339
 49898    339    340
 49926    340    341
 74073    341    342
 76504    342    343
 49929    343    344
 49884    344    345
 49911    345    346
 49932    346    347
 49877    347    348
 49909    348    349
 49934    349    350
 68849    350    351
 73202    351    352
 49922    352    353
 75142    353    354
 69008    354    355
 49910    355    356
 55441    356    357
 12959    357    358
 49687    358    359
 68431    359    360
 73741    360    361
 49514    361    362
 77990    362    363
  2044    363    364
 49510    364    365
 54958    365    366
 71728    366    367
 49506    367    368
 77569    368    369
   354    369    370
 49515    370    371
 49549    371    372
 70376    372    373
 49525    373    374
 77406    374    375
 49537    375    376
 49538    376    377
 56746    377    378
 71497    378    379
 49547    379    380
 77693    380    381
 51519    381    382
 49558    382    383
 76555    383    384
 77993    384    385
 49568    385    386
 11534    386    387
 59437    387    388
 49563    388    389
 76274    389    390
 78013    390    391
 49561    391    392
 29120    392    393
 70478    393    394
 49462    394    395
 77839    395    396
 49421    396    397
 49401    397    398
 69973    398    399
 75362    399    400
 49359    400    401
  2754    401    402
 58064    402    403
 49276    403    404
 49360    404    405
 49316    405    406
 49280    406    407
 77347    407    408
 62777    408    409
 49284    409    410
 68970    410    411
 75246    411    412
 49287    412    413
  2765    413    414
 65193    414    415
 49290    415    416
 72429    416    417
 76761    417    418
 49288    418    419
  6770    419    420
 67652    420    421
 49286    421    422
 77773    422    423
 49300    423    424
 49289    424    425
 73016    425    426
 77043    426    427
 49292    427    428
 13845    428    429
 68664    429    430
 49374    430    431
 78137    431    432
  8330    432    433
 49406    433    434
 75883    434    435
   142    435    436
 49473    436    437
 69687    437    438
 78090    438    439
 49586    439    440
 57729    440    441
 71945    441    442
 49576    442    443
 49495    443    444
 63207    444    445
 49567    445    446
 49543    446    447
 49508    447    448
 49557    448    449
 49533    449    450
 49499    450    451
 49546    451    452
 71964    452    453
 49526    453    454
 49541    454    455
 63140    455    456
 49516    456    457
 49534    457    458
 65480    458    459
 49511    459    460
 49531    460    461
 63817    461    462
 77228    462    463
 49530    463    464
 59099    464    465
 49512    465    466
 49536    466    467
  3635    467    468
 66709    468    469
 49539    469    470
  4291    470    471
 67715    471    472
 49545    472    473
 12639    473    474
 73680    474    475
 49553    475    476
 49529    476    477
 49502    477    478
 49551    478    479
 70122    479    480
 49486    480    481
 49550    481    482
 71773    482    483
 64790    483    484
 49435    484    485
 66539    485    486
 77652    486    487
 49382    487    488
 72386    488    489
 49381    489    490
 49322    490    491
 49324    491    492
 49327    492    493
 49271    493    494
 49315    494    495
 73210    495    496
 49275    496    497
 71207    497    498
 49312    498    499
 49285    499    500
 77593    500    501
 59669    501    502
 49298    502    503
  9811    503    504
 74661    504    505
 49303    505    506
 69256    506    507
 67485    507    508
 49318    508    509
 71256    509    510
 49325    510    511
 49331    511    512
  5423    512    513
 73792    513    514
 49337    514    515
 70541    515    516
   681    516    517
 49349    517    518
 49868    518    519
 68217    519    520
 49355    520    521
 76172    521    522
  6849    522    523
 49364    523    524
 63422    524    525
 75219    525    526
 49369    526    527
 49357    527    528
 49366    528    529
 49371    529    530
 49367    530    531
 49358    531    532
 49370    532    533
 49363    533    534
 53561    534    535
 49368    535    536
 68906    536    537
 65058    537    538
 49356    538    539
 77672    539    540
 63107    540    541
 49347    541    542
 49350    542    543
 61304    543    544
 49339    544    545
 49342    545    546
 49344    546    547
 49333    547    548
 68316    548    549
 68787    549    550
 49321    550    551
 49323    551    552
 49326    552    553
 49305    553    554
 60032    554    555
 49319    555    556
 49297    556    557
 58119    557    558
 49320    558    559
 49282    559    560
 57181    560    561
    74    561    562
 49299    562    563
 59415    563    564
 77954    564    565
 49313    565    566
 49372    566    567
 77889    567    568
 49414    568    569
 63185    569    570
 77442    570    571
 49505    571    572
 66473    572    573
 68515    573    574
 49489    574    575
 49470    575    576
 49456    576    577
 49477    577    578
 49463    578    579
 49453    579    580
 49467    580    581
 76091    581    582
 63130    582    583
 49460    583    584
 77568    584    585
 72353    585    586
 49532    586    587
 33584    587    588
   929    588    589
 49621    589    590
 64952    590    591
  4883    591    592
 49648    592    593
 76804    593    594
 60442    594    595
 49681    595    596
 76897    596    597
 70328    597    598
 49663    598    599
 49639    599    600
 49618    600    601
 49650    601    602
 70127    602    603
 60795    603    604
 49630    604    605
 76208    605    606
 69047    606    607
 49611    607    608
 69305    608    609
 75756    609    610
 49603    610    611
 49594    611    612
 49579    612    613
 49591    613    614
 71926    614    615
 49583    615    616
 49609    616    617
  3072    617    618
 77795    618    619
 49622    619    620
 49575    620    621
 65041    621    622
 49589    622    623
  3731    623    624
 60830    624    625
 49535    625    626
 65906    626    627
 49483    627    628
 49493    628    629
 49478    629    630
 73783    630    631
 49474    631    632
 68107    632    633
 74103    633    634
 49443    634    635
 65943    635    636
 67479    636    637
 49416    637    638
 71189    638    639
 49412    639    640
 49399    640    641
 55338    641    642
 73858    642    643
 49392    643    644
 65458    644    645
 49377    645    646
 49354    646    647
  1031    647    648
 77217    648    649
 49304    649    650
 64837    650    651
 69387    651    652
 49277    652    653
 69151    653    654
 76904    654    655
 49260    655    656
 63577    656    657
 67666    657    658
 49225    658    659
 66527    659    660
 69250    660    661
 49197    661    662
 76012    662    663
 73088    663    664
 49170    664    665
 63809    665    666
  3475    666    667
 49149    667    668
  2050    668    669
 49139    669    670
 49125    670    671
 64751    671    672
 66963    672    673
 49100    673    674
 63328    674    675
 49086    675    676
 49078    676    677
 49070    677    678
 49075    678    679
 73636    679    680
 49050    680    681
 51493    681    682
 49034    682    683
 76679    683    684
 49021    684    685
 76129    685    686
 73437    686    687
 49006    687    688
 49000    688    689
 48996    689    690
 48989    690    691
 48984    691    692
 77274    692    693
 75313    693    694
 48968    694    695
 48962    695    696
 48959    696    697
 61292    697    698
 48946    698    699
 66590    699    700
 72667    700    701
 48935    701    702
 48927    702    703
 48923    703    704
 72506    704    705
 48909    705    706
 55609    706    707
  8164    707    708
 48885    708    709
   847    709    710
 48878    710    711
 48872    711    712
 48865    712    713
 67348    713    714
 68264    714    715
 48854    715    716
 62715    716    717
 48847    717    718
 48841    718    719
 48838    719    720
 56408    720    721
 77604    721    722
 48828    722    723
 75602    723    724
 48818    724    725
 48816    725    726
 48810    726    727
 77365    727    728
 74965    728    729
 48799    729    730
 57054    730    731
 48789    731    732
 48779    732    733
 48775    733    734
 76137    734    735
 73438    735    736
 48761    736    737
 48759    737    738
 48757    738    739
   207    739    740
 48753    740    741
 74260    741    742
 69634    742    743
 48740    743    744
 48737    744    745
 48733    745    746
 48728    746    747
 48724    747    748
 65384    748    749
 71245    749    750
 48716    750    751
 56898    751    752
 48710    752    753
 48708    753    754
 48704    754    755
 61779    755    756
 75440    756    757
 48696    757    758
 68901    758    759
 48686    759    760
 63523    760    761
 48682    761    762
  1783    762    763
 77969    763    764
 48674    764    765
 73591    765    766
 48671    766    767
 56595    767    768
 48666    768    769
 51114    769    770
   731    770    771
 48660    771    772
 48657    772    773
 48653    773    774
 48648    774    775
 48643    775    776
 63604    776    777
 48655    777    778
 48638    778    779
 48634    779    780
 48631    780    781
 48627    781    782
 48622    782    783
 75013    783    784
 73009    784    785
 48618    785    786
 63702    786    787
 48613    787    788
 48610    788    789
 48608    789    790
  1189    790    791
 77660    791    792
 48602    792    793
 48600    793    794
 48596    794    795
 65066    795    796
 48589    796    797
 48592    797    798
 48598    798    799
 48584    799    800
 48582    800    801
 48579    801    802
 48574    802    803
 48571    803    804
 75548    804    805
 73928    805    806
 48565    806    807
 68234    807    808
 48558    808    809
 48555    809    810
 48554    810    811
  1828    811    812
 48562    812    813
 48547    813    814
 48544    814    815
 48543    815    816
 48539    816    817
 48537    817    818
 48549    818    819
 66199    819    820
 48533    820    821
 57953    821    822
 48526    822    823
 48524    823    824
 48521    824    825
 58669    825    826
 77983    826    827
 48519    827    828
 76777    828    829
 48517    829    830
 74080    830    831
 48515    831    832
 65762    832    833
 50730    833    834
 48512    834    835
  2938    835    836
 48508    836    837
 48506    837    838
 48505    838    839
 65586    839    840
 69074    840    841
 48501    841    842
 48500    842    843
 48499    843    844
 76107    844    845
 48498    845    846
 73752    846    847
 72833    847    848
 48497    848    849
 48513    849    850
 48511    850    851
 48502    851    852
 48504    852    853
 48507    853    854
 48509    854    855
 48510    855    856
 60692    856    857
   340    857    858
 48514    858    859
 77498    859    860
 48516    860    861
 75828    861    862
 48518    862    863
 72306    863    864
 68490    864    865
 48520    865    866
 48523    866    867
 48525    867    868
 48529    868    869
 48532    869    870
 72603    870    871
 15681    871    872
 48536    872    873
 48538    873    874
 48542    874    875
 77901    875    876
 48546    876    877
 77408    877    878
 76326    878    879
 48553    879    880
 48556    880    881
 48559    881    882
 48563    882    883
 48566    883    884
 71641    884    885
 70592    885    886
 48568    886    887
 65979    887    888
 48573    888    889
 48575    889    890
 48581    890    891
 48580    891    892
 48583    892    893
 48586    893    894
 48587    894    895
 48588    895    896
 48591    896    897
 48595    897    898
 48594    898    899
 48601    899    900
 48603    900    901
  1309    901    902
 48607    902    903
 48609    903    904
 48611    904    905
 72742    905    906
 70580    906    907
 48621    907    908
 48623    908    909
 48628    909    910
 48633    910    911
 48637    911    912
 57640    912    913
 77170    913    914
 48644    914    915
 48650    915    916
 48654    916    917
 48658    917    918
 48661    918    919
  2238    919    920
 63260    920    921
 48667    921    922
 48669    922    923
 48672    923    924
 48673    924    925
 48676    925    926
 78004    926    927
 77717    927    928
 48684    928    929
 76748    929    930
 48688    930    931
 48695    931    932
 48698    932    933
 70646    933    934
 69116    934    935
 48705    935    936
 71550    936    937
 48711    937    938
 71568    938    939
 48717    939    940
 70139    940    941
 69888    941    942
 48729    942    943
 48735    943    944
 48739    944    945
 48743    945    946
 48748    946    947
  4555    947    948
 66555    948    949
 48756    949    950
 48760    950    951
 48764    951    952
 77520    952    953
 48771    953    954
 76480    954    955
 68681    955    956
 48786    956    957
 48792    957    958
 48798    958    959
 48800    959    960
 48806    960    961
 65340    961    962
 77064    962    963
 48829    963    964
 48833    964    965
 48840    965    966
 73379    966    967
 48851    967    968
 64232    968    969
 71328    969    970
 48870    970    971
 71966    971    972
 48883    972    973
 71388    973    974
 48895    974    975
 67177    975    976
 63373    976    977
 48930    977    978
 48937    978    979
 48942    979    980
 48948    980    981
 48953    981    982
 69102    982    983
 77999    983    984
 48972    984    985
 48982    985    986
 48988    986    987
 48995    987    988
 49002    988    989
 57122    989    990
  2271    990    991
 49022    991    992
 49032    992    993
 49035    993    994
 49047    994    995
 49056    995    996
 64211    996    997
 67473    997    998
 49084    998    999
 49095    999   1000
 49101   1000   1001
 74881   1001   1002
 49119   1002   1003
 74284   1003   1004
 73920   1004   1005
 49142   1005   1006
 49152   1006   1007
 49157   1007   1008
 49169   1008   1009
 49176   1009   1010
 74456   1010   1011
 74420   1011   1012
 49214   1012   1013
 74541   1013   1014
 74509   1014   1015
 49256   1015   1016
 72848   1016   1017
 66096   1017   1018
 49274   1018   1019
 68533   1019   1020
 72974   1020   1021
 49309   1021   1022
 76065   1022   1023
 74767   1023   1024
 49373   1024   1025
 74346   1025   1026
 54189   1026   1027
 49398   1027   1028
 72961   1028   1029
 63770   1029   1030
 49417   1030   1031
 76315   1031   1032
 75698   1032   1033
 49441   1033   1034
 75277   1034   1035
 75033   1035   1036
 49475   1036   1037
 65590   1037   1038
 64915   1038   1039
 49520   1039   1040
 49440   1040   1041
 75476   1041   1042
 49565   1042   1043
 75902   1043   1044
 76142   1044   1045
 49605   1045   1046
 73918   1046   1047
 63965   1047   1048
 49623   1048   1049
 73254   1049   1050
 74961   1050   1051
 49638   1051   1052
 76716   1052   1053
 75930   1053   1054
 49427   1054   1055
 75628   1055   1056
 59798   1056   1057
 49264   1057   1058
 75069   1058   1059
 66195   1059   1060
 49187   1060   1061
 49161   1061   1062
 49141   1062   1063
 49122   1063   1064
 49126   1064   1065
 77918   1065   1066
 49116   1066   1067
 54736   1067   1068
 75800   1068   1069
 49111   1069   1070
 60024   1070   1071
 75919   1071   1072
 49013   1072   1073
 76500   1073   1074
 76791   1074   1075
 48925   1075   1076
 75604   1076   1077
 61543   1077   1078
 48918   1078   1079
 73510   1079   1080
 66931   1080   1081
 48907   1081   1082
 77092   1082   1083
 76981   1083   1084
 48905   1084   1085
 76857   1085   1086
 76941   1086   1087
 48903   1087   1088
 77147   1088   1089
 63367   1089   1090
 48980   1090   1091
 49038   1091   1092
 49046   1092   1093
 49055   1093   1094
 77489   1094   1095
 77034   1095   1096
 49082   1096   1097
 76863   1097   1098
 57485   1098   1099
 49103   1099   1100
 76516   1100   1101
 66583   1101   1102
 49106   1102   1103
 49081   1103   1104
 49098   1104   1105
 49108   1105   1106
 56834   1106   1107
 78128   1107   1108
 49109   1108   1109
 50471   1109   1110
 49054   1110   1111
 49110   1111   1112
 75075   1112   1113
 68329   1113   1114
 49069   1114   1115
 77783   1115   1116
 77478   1116   1117
 49030   1117   1118
 77447   1118   1119
 57352   1119   1120
 48969   1120   1121
 77445   1121   1122
 65615   1122   1123
 48920   1123   1124
 48926   1124   1125
 48938   1125   1126
 48912   1126   1127
 77565   1127   1128
   161   1128   1129
 48906   1129   1130
 15431   1130   1131
 53169   1131   1132
 48904   1132   1133
 75572   1133   1134
 68062   1134   1135
 48902   1135   1136
 49041   1136   1137
 77764   1137   1138
 48901   1138   1139
 77815   1139   1140
 77766   1140   1141
 48900   1141   1142
 68807   1142   1143
 65093   1143   1144
 48899   1144   1145
 75977   1145   1146
 67971   1146   1147
 48898   1147   1148
 78117   1148   1149
 77927   1149   1150
 48897   1150   1151
 77914   1151   1152
 53205   1152   1153
 48896   1153   1154
 68289   1154   1155
 67335   1155   1156
 48994   1156   1157
 51801   1157   1158
 19415   1158   1159
 49089   1159   1160
   265   1160   1161
 77948   1161   1162
 49099   1162   1163
 77935   1163   1164
 63421   1164   1165
 49107   1165   1166
 76727   1166   1167
 68537   1167   1168
 49206   1168   1169
 58844   1169   1170
 78123   1170   1171
 49329   1171   1172
  1693   1172   1173
 77656   1173   1174
 49343   1174   1175
 78101   1175   1176
 66103   1176   1177
 49361   1177   1178
 18687   1178   1179
 52663   1179   1180
 49408   1180   1181
  1623   1181   1182
 57269   1182   1183
 49471   1183   1184
 78127   1184   1185
 64135   1185   1186
 49628   1186   1187
 68067   1187   1188
 68950   1188   1189
 49758   1189   1190
 78072   1190   1191
  3318   1191   1192
 49781   1192   1193
   571   1193   1194
 57467   1194   1195
 49800   1195   1196
 77933   1196   1197
 68114   1197   1198
 49808   1198   1199
 63021   1199   1200
   647   1200   1201
 49815   1201   1202
  7029   1202   1203
  1052   1203   1204
 49820   1204   1205
  7228   1205   1206
 59052   1206   1207
 49822   1207   1208
 66716   1208   1209
    37   1209   1210
 49825   1210   1211
  1259   1211   1212
  5979   1212   1213
 49828   1213   1214
   877   1214   1215
 64052   1215   1216
 49833   1216   1217
 68094   1217   1218
 69205   1218   1219
 49835   1219   1220
 58180   1220   1221
  1808   1221   1222
 49838   1222   1223
  5350   1223   1224
   535   1224   1225
 49842   1225   1226
  2558   1226   1227
 66972   1227   1228
 49847   1228   1229
 64583   1229   1230
  1397   1230   1231
 49853   1231   1232
  5361   1232   1233
 56500   1233   1234
 49856   1234   1235
 69354   1235   1236
 67394   1236   1237
 49860   1237   1238
 66898   1238   1239
 69316   1239   1240
 49865   1240   1241
 55778   1241   1242
  7831   1242   1243
 49871   1243   1244
  2707   1244   1245
 63415   1245   1246
 49872   1246   1247
 68779   1247   1248
 69109   1248   1249
 49875   1249   1250
 60425   1250   1251
  3210   1251   1252
 49882   1252   1253
  7310   1253   1254
 63375   1254   1255
 49886   1255   1256
 69343   1256   1257
 68325   1257   1258
 49891   1258   1259
 65434   1259   1260
  2588   1260   1261
 49896   1261   1262
 49900   1262   1263
 49901   1263   1264
 49903   1264   1265
 11449   1265   1266
 57113   1266   1267
 49907   1267   1268
 56803   1268   1269
 11907   1269   1270
 49912   1270   1271
 56193   1271   1272
  9711   1272   1273
 49916   1273   1274
  4722   1274   1275
 62947   1275   1276
 49919   1276   1277
 69071   1277   1278
 69033   1278   1279
 49923   1279   1280
 63234   1280   1281
  4812   1281   1282
 49927   1282   1283
 10096   1283   1284
 56213   1284   1285
 49930   1285   1286
 69363   1286   1287
 68100   1287   1288
 49935   1288   1289
 66669   1289   1290
  3621   1290   1291
 49936   1291   1292
 10706   1292   1293
 57012   1293   1294
 49938   1294   1295
 12576   1295   1296
 56452   1296   1297
 49942   1297   1298
 68376   1298   1299
 69373   1299   1300
 49943   1300   1301
 56080   1301   1302
  6981   1302   1303
 49946   1303   1304
  9871   1304   1305
 57763   1305   1306
 49948   1306   1307
 49956   1307   1308
 49955   1308   1309
 49954   1309   1310
 55931   1310   1311
 13964   1311   1312
 49958   1312   1313
 49962   1313   1314
 49961   1314   1315
 49960   1315   1316
 49970   1316   1317
 49969   1317   1318
 49967   1318   1319
 49974   1319   1320
 49973   1320   1321
 49972   1321   1322
 49978   1322   1323
 49979   1323   1324
 49980   1324   1325
 15362   1325   1326
 55316   1326   1327
 49985   1327   1328
 50603   1328   1329
 49987   1329   1330
 49986   1330   1331
 55476   1331   1332
 14987   1332   1333
 49989   1333   1334
 49990   1334   1335
 49991   1335   1336
 49992   1336   1337
 52072   1337   1338
 50397   1338   1339
 49993   1339   1340
 49998   1340   1341
 49997   1341   1342
 49996   1342   1343
 50005   1343   1344
 50003   1344   1345
 50001   1345   1346
 50010   1346   1347
 50009   1347   1348
 50008   1348   1349
 57383   1349   1350
 58224   1350   1351
 50015   1351   1352
 55815   1352   1353
 14283   1353   1354
 50019   1354   1355
 16316   1355   1356
 54746   1356   1357
 50021   1357   1358
 60509   1358   1359
 60510   1359   1360
 50023   1360   1361
 55287   1361   1362
 50024   1362   1363
 50025   1363   1364
 50026   1364   1365
 69143   1365   1366
 68065   1366   1367
 50020   1367   1368
 60731   1368   1369
 57764   1369   1370
 50013   1370   1371
 66907   1371   1372
 68469   1372   1373
 49863   1373   1374
 69929   1374   1375
 69139   1375   1376
 49723   1376   1377
 65690   1377   1378
 64263   1378   1379
 49645   1379   1380
 52211   1380   1381
 61107   1381   1382
 49578   1382   1383
 72067   1383   1384
 72609   1384   1385
 49457   1385   1386
 71938   1386   1387
 49403   1387   1388
 49397   1388   1389
 49393   1389   1390
 49385   1390   1391
 49376   1391   1392
 49291   1392   1393
 49240   1393   1394
 49183   1394   1395
 49138   1395   1396
 77527   1396   1397
 69219   1397   1398
 48815   1398   1399
 48341   1399   1400
 47756   1400   1401
 57903   1401   1402
 68584   1402      2
