142719     11   3450
127055   3450   3451
129104   3451   3452
127624   3452   3453
128134   3453   3454
130222   3454   3455
128215   3455   3456
141332   3456   3457
141222   3457   3458
130401   3458   3459
131182   3459   3460
130409   3460   3461
123314   3461   3462
130415   3462   3463
144105   3463   3464
130348   3464   3465
143459   3465   3466
130262   3466   3467
142075   3467   3468
130099   3468   3469
130148   3469   3470
130631   3470   3471
131425   3471   3472
130622   3472   3473
131424   3473   3474
130609   3474   3475
141953   3475   3476
131172   3476   3477
131014   3477   3478
123234   3478   3479
130214   3479   3480
130421   3480   3481
140539   3481   3482
143703   3482   3483
130437   3483   3484
142767   3484   3485
130452   3485   3486
131282   3486   3487
130447   3487   3488
131281   3488   3489
130449   3489   3490
131289   3490   3491
130455   3491   3492
143142   3492   3493
130458   3493   3494
141241   3494   3495
130459   3495   3496
131286   3496   3497
130464   3497   3498
131294   3498   3499
130466   3499   3500
131287   3500   3501
130471   3501   3502
142634   3502   3503
130469   3503   3504
131297   3504   3505
130472   3505   3506
130468   3506   3507
131296   3507   3508
130476   3508   3509
143460   3509   3510
130475   3510   3511
142098   3511   3512
131396   3512   3513
130480   3513   3514
131298   3514   3515
130482   3515   3516
131299   3516   3517
130486   3517   3518
131307   3518   3519
130487   3519   3520
131321   3520   3521
130477   3521   3522
139624   3522   3523
130495   3523   3524
131317   3524   3525
130488   3525   3526
143735   3526   3527
130493   3527   3528
142813   3528   3529
130491   3529   3530
131309   3530   3531
130484   3531   3532
131355   3532   3533
130489   3533   3534
131363   3534   3535
130492   3535   3536
142704   3536   3537
130509   3537   3538
131313   3538   3539
130511   3539   3540
131349   3540   3541
130513   3541   3542
131350   3542   3543
130504   3543   3544
143263   3544   3545
130519   3545   3546
141326   3546   3547
130524   3547   3548
130507   3548   3549
131344   3549   3550
130520   3550   3551
131346   3551   3552
130527   3552   3553
142750   3553   3554
131395   3554   3555
130523   3555   3556
123575   3556   3557
130531   3557   3558
130837   3558   3559
129570   3559   3560
128590   3560   3561
129882   3561   3562
142671   3562   3563
130792   3563   3564
130871   3564   3565
129411   3565   3566
129683   3566   3567
129583   3567   3568
131051   3568   3569
130326   3569   3570
142650   3570   3571
130412   3571   3572
131345   3572   3573
130540   3573   3574
131357   3574   3575
130541   3575   3576
131360   3576   3577
130547   3577   3578
143149   3578   3579
130549   3579   3580
140791   3580   3581
130552   3581   3582
131342   3582   3583
130572   3583   3584
131335   3584   3585
130571   3585   3586
143033   3586   3587
130554   3587   3588
140380   3588   3589
130558   3589   3590
141101   3590   3591
142484   3591   3592
130321   3592   3593
131066   3593   3594
130147   3594   3595
142753   3595   3596
128884   3596   3597
129753   3597   3598
123294   3598   3599
130300   3599   3600
129910   3600   3601
128599   3601   3602
143220   3602   3603
129938   3603   3604
141285   3604   3605
130194   3605   3606
141392   3606   3607
142541   3607   3608
130586   3608   3609
136853   3609   3610
130599   3610   3611
133416   3611   3612
130588   3612   3613
137403   3613   3614
130597   3614   3615
133405   3615   3616
130592   3616   3617
135330   3617   3618
130607   3618   3619
143483   3619   3620
130594   3620   3621
142478   3621   3622
130595   3622   3623
128229   3623   3624
130600   3624   3625
131059   3625   3626
130603   3626   3627
130944   3627   3628
130608   3628   3629
130644   3629   3630
130602   3630   3631
129638   3631   3632
130614   3632   3633
129424   3633   3634
130611   3634   3635
123870   3635   3636
130621   3636   3637
143885   3637   3638
130634   3638   3639
143072   3639   3640
130630   3640   3641
140874   3641   3642
130627   3642   3643
130643   3643   3644
130632   3644   3645
130143   3645   3646
130623   3646   3647
130157   3647   3648
130633   3648   3649
139335   3649   3650
129719   3650   3651
130639   3651   3652
131719   3652   3653
130645   3653   3654
129749   3654   3655
130647   3655   3656
143208   3656   3657
130624   3657   3658
140734   3658   3659
130649   3659   3660
137005   3660   3661
130651   3661   3662
126806   3662   3663
130652   3663   3664
141793   3664   3665
130474   3665   3666
130403   3666   3667
126278   3667   3668
143750   3668   3669
130528   3669   3670
122546   3670   3671
124445   3671   3672
130638   3672   3673
124947   3673   3674
140577   3674   3675
130446   3675   3676
130347   3676   3677
125431   3677   3678
130382   3678   3679
142028   3679   3680
141189   3680   3681
130270   3681   3682
124851   3682   3683
130318   3683   3684
130266   3684   3685
130309   3685   3686
126117   3686   3687
130529   3687   3688
140954   3688   3689
141508   3689   3690
130460   3690   3691
140295   3691   3692
130636   3692   3693
140227   3693   3694
140403   3694   3695
130635   3695   3696
140758   3696   3697
130681   3697   3698
141394   3698   3699
130620   3699   3700
142897   3700   3701
143023   3701   3702
131036   3702   3703
142561   3703   3704
127284   3704   3705
130676   3705   3706
143454   3706   3707
142558   3707   3708
130808   3708   3709
139408   3709   3710
122642   3710   3711
130700   3711   3712
127737   3712   3713
130704   3713   3714
143352   3714   3715
130701   3715   3716
141361   3716   3717
130707   3717   3718
130874   3718   3719
130705   3719   3720
126928   3720   3721
130697   3721   3722
126830   3722   3723
130706   3723   3724
124029   3724   3725
130767   3725   3726
122439   3726   3727
130720   3727   3728
144207   3728   3729
144012   3729   3730
130770   3730   3731
143546   3731   3732
143286   3732   3733
130721   3733   3734
142683   3734   3735
142068   3735   3736
130810   3736   3737
141127   3737   3738
140747   3738   3739
130713   3739   3740
130710   3740   3741
126040   3741   3742
130712   3742   3743
127319   3743   3744
130709   3744   3745
127112   3745   3746
130731   3746   3747
125658   3747   3748
126307   3748   3749
130695   3749   3750
126176   3750   3751
130743   3751   3752
138769   3752   3753
130724   3753   3754
144199   3754   3755
130749   3755   3756
127556   3756   3757
130737   3757   3758
127773   3758   3759
130757   3759   3760
126199   3760   3761
130742   3761   3762
139926   3762   3763
130755   3763   3764
128573   3764   3765
130744   3765   3766
127629   3766   3767
130763   3767   3768
127183   3768   3769
130735   3769   3770
126894   3770   3771
130765   3771   3772
126625   3772   3773
130716   3773   3774
125759   3774   3775
130780   3775   3776
141618   3776   3777
142264   3777   3778
130696   3778   3779
130718   3779   3780
126473   3780   3781
130799   3781   3782
124730   3782   3783
130748   3783   3784
125898   3784   3785
130788   3785   3786
142194   3786   3787
143297   3787   3788
130802   3788   3789
139915   3789   3790
138389   3790   3791
130917   3791   3792
135517   3792   3793
130832   3793   3794
122598   3794   3795
144028   3795   3796
130975   3796   3797
141424   3797   3798
144348   3798   3799
130838   3799   3800
130903   3800   3801
124222   3801   3802
131366   3802   3803
142668   3803   3804
143771   3804   3805
130726   3805   3806
140690   3806   3807
130936   3807   3808
144264   3808   3809
122472   3809   3810
130745   3810   3811
141669   3811   3812
131040   3812   3813
141948   3813   3814
141627   3814   3815
130559   3815   3816
142755   3816   3817
141798   3817   3818
130677   3818   3819
140714   3819   3820
130612   3820   3821
142371   3821   3822
142077   3822   3823
130287   3823   3824
143654   3824   3825
130394   3825   3826
138367   3826   3827
130267   3827   3828
141264   3828   3829
125998   3829   3830
130292   3830   3831
124765   3831   3832
130052   3832   3833
142700   3833   3834
125476   3834   3835
130425   3835   3836
130362   3836   3837
125073   3837   3838
130543   3838   3839
144294   3839   3840
130550   3840   3841
130725   3841   3842
130803   3842   3843
124086   3843   3844
130691   3844   3845
130583   3845   3846
125614   3846   3847
130785   3847   3848
124710   3848   3849
130960   3849   3850
125563   3850   3851
130895   3851   3852
124850   3852   3853
130930   3853   3854
143541   3854   3855
131600   3855   3856
130970   3856   3857
126646   3857   3858
130943   3858   3859
140963   3859   3860
141075   3860   3861
131134   3861   3862
142509   3862   3863
123688   3863   3864
130904   3864   3865
140025   3865   3866
143290   3866   3867
130968   3867   3868
139610   3868   3869
130898   3869   3870
142210   3870   3871
142705   3871   3872
130954   3872   3873
124745   3873   3874
130846   3874   3875
127697   3875   3876
130819   3876   3877
122971   3877   3878
130820   3878   3879
143520   3879   3880
130859   3880   3881
135463   3881   3882
130824   3882   3883
130978   3883   3884
130829   3884   3885
132947   3885   3886
130818   3886   3887
137315   3887   3888
130850   3888   3889
138694   3889   3890
130816   3890   3891
141378   3891   3892
130815   3892   3893
124182   3893   3894
130795   3894   3895
122900   3895   3896
140298   3896   3897
130929   3897   3898
123142   3898   3899
130786   3899   3900
123383   3900   3901
123805   3901   3902
130794   3902   3903
139784   3903   3904
130727   3904   3905
142124   3905   3906
141844   3906   3907
130826   3907   3908
125468   3908   3909
125892   3909   3910
130728   3910   3911
141039   3911   3912
130340   3912   3913
142052   3913   3914
142821   3914   3915
130186   3915   3916
126187   3916   3917
130247   3917   3918
125585   3918   3919
130665   3919   3920
125352   3920   3921
130565   3921   3922
130662   3922   3923
125800   3923   3924
130589   3924   3925
125657   3925   3926
131385   3926   3927
125029   3927   3928
130581   3928   3929
122614   3929   3930
130740   3930   3931
131475   3931   3932
130823   3932   3933
131480   3933   3934
130825   3934   3935
131481   3935   3936
130831   3936   3937
140759   3937   3938
130833   3938   3939
122862   3939   3940
130834   3940   3941
137370   3941   3942
130840   3942   3943
142772   3943   3944
130847   3944   3945
131485   3945   3946
130849   3946   3947
127280   3947   3948
130851   3948   3949
131488   3949   3950
130852   3950   3951
141145   3951   3952
130853   3952   3953
143939   3953   3954
130855   3954   3955
131489   3955   3956
130858   3956   3957
132366   3957   3958
131588   3958   3959
130857   3959   3960
131493   3960   3961
130856   3961   3962
130861   3962   3963
131492   3963   3964
130862   3964   3965
131494   3965   3966
130863   3966   3967
141789   3967   3968
130864   3968   3969
131497   3969   3970
130865   3970   3971
131498   3971   3972
130868   3972   3973
131503   3973   3974
130866   3974   3975
127291   3975   3976
130872   3976   3977
126149   3977   3978
130873   3978   3979
131504   3979   3980
130875   3980   3981
127296   3981   3982
130876   3982   3983
131505   3983   3984
130877   3984   3985
131506   3985   3986
130878   3986   3987
132372   3987   3988
130880   3988   3989
143215   3989   3990
130882   3990   3991
131509   3991   3992
130883   3992   3993
127304   3993   3994
130885   3994   3995
131507   3995   3996
130888   3996   3997
141103   3997   3998
130887   3998   3999
144035   3999   4000
130892   4000   4001
131513   4001   4002
130893   4002   4003
132374   4003   4004
131597   4004   4005
130889   4005   4006
131510   4006   4007
130886   4007   4008
127169   4008   4009
127757   4009   4010
130884   4010   4011
131512   4011   4012
130896   4012   4013
131515   4013   4014
130901   4014   4015
127315   4015   4016
130897   4016   4017
131517   4017   4018
130900   4018   4019
131518   4019   4020
130902   4020   4021
132376   4021   4022
130906   4022   4023
143222   4023   4024
130905   4024   4025
131522   4025   4026
130907   4026   4027
127318   4027   4028
130910   4028   4029
140185   4029   4030
130909   4030   4031
122955   4031   4032
130912   4032   4033
123692   4033   4034
130914   4034   4035
142268   4035   4036
130919   4036   4037
143863   4037   4038
130915   4038   4039
131527   4039   4040
130920   4040   4041
131526   4041   4042
130921   4042   4043
127330   4043   4044
130922   4044   4045
126168   4045   4046
130923   4046   4047
131532   4047   4048
130925   4048   4049
127333   4049   4050
130926   4050   4051
131534   4051   4052
130928   4052   4053
131535   4053   4054
130931   4054   4055
127335   4055   4056
130934   4056   4057
142489   4057   4058
130932   4058   4059
143968   4059   4060
130939   4060   4061
142736   4061   4062
131614   4062   4063
130935   4063   4064
137067   4064   4065
130941   4065   4066
143959   4066   4067
130942   4067   4068
131536   4068   4069
130948   4069   4070
131538   4070   4071
130947   4071   4072
130625   4072   4073
128445   4073   4074
123074   4074   4075
127377   4075   4076
122322   4076   4077
144280   4077   4078
126878   4078   4079
140928   4079   4080
126390   4080   4081
142743   4081     12
