 68577      2   1471
 64941   1471   1472
 34354   1472   1473
 74018   1473   1474
 33546   1474   1475
 75389   1475   1476
 33369   1476   1477
 33331   1477   1478
 42816   1478   1479
 33277   1479   1480
 42768   1480   1481
 33230   1481   1482
 64833   1482   1483
 33193   1483   1484
 42706   1484   1485
 33162   1485   1486
 42698   1486   1487
 33161   1487   1488
 76854   1488   1489
 66146   1489   1490
 33160   1490   1491
 42785   1491   1492
 33290   1492   1493
 75616   1493   1494
 33423   1494   1495
 42961   1495   1496
 33393   1496   1497
 33606   1497   1498
 43097   1498   1499
 33555   1499   1500
 33672   1500   1501
 44186   1501   1502
 39561   1502   1503
 63841   1503      6
101322      6   1536
100487   1536   1537
 90057   1537   1538
 93056   1538   1539
 89781   1539   1540
 92942   1540   1541
 89664   1541   1542
 89667   1542   1543
 92915   1543   1544
 89655   1544   1545
 92908   1545   1546
 89646   1546   1547
 92948   1547   1548
 89737   1548   1549
 89767   1549   1550
 95551   1550   1551
 89894   1551   1552
103393   1552   1553
 90309   1553   1554
100809   1554      8
118466      8   1583
112894   1583   1584
113132   1584   1585
112694   1585   1586
114710   1586   1587
112665   1587   1588
109738   1588   1589
112845   1589   1590
112456   1590   1591
112800   1591   1592
112457   1592   1593
119755   1593   1594
112460   1594   1595
116223   1595   1596
112833   1596   1597
112540   1597   1598
112914   1598   1599
112659   1599   1600
113112   1600   1601
112908   1601   1602
118331   1602     10
141951     10   1616
122777   1616   1617
143396   1617   1618
137550   1618   1619
142253   1619   1620
136367   1620   1621
140239   1621   1622
134706   1622   1623
134081   1623   1624
140650   1624   1625
122295   1625   1626
135399   1626   1627
137278   1627   1628
137738   1628   1629
142761   1629   1630
142760   1630     12
217881     12   1644
180205   1644   1645
210015   1645   1646
179645   1646   1647
187301   1647   1648
179159   1648   1649
179266   1649   1650
180413   1650   1651
179108   1651   1652
212152   1652   1653
178976   1653   1654
187084   1654   1655
178881   1655   1656
187040   1656   1657
178811   1657   1658
228359   1658   1659
178753   1659   1660
222376   1660   1661
228542   1661   1662
178683   1662   1663
186924   1663   1664
178593   1664   1665
178648   1665   1666
186901   1666   1667
178524   1667   1668
178618   1668   1669
179549   1669   1670
178501   1670   1671
178562   1671   1672
179487   1672   1673
178454   1673   1674
178522   1674   1675
186839   1675   1676
221478   1676   1677
178504   1677   1678
186873   1678   1679
178499   1679   1680
186868   1680   1681
178490   1681   1682
161816   1682   1683
178371   1683   1684
178472   1684   1685
162740   1685   1686
178462   1686   1687
162739   1687   1688
178455   1688   1689
162737   1689   1690
178450   1690   1691
162736   1691   1692
178445   1692   1693
162735   1693   1694
178441   1694   1695
162731   1695   1696
178436   1696   1697
162730   1697   1698
178427   1698   1699
162728   1699   1700
178420   1700   1701
228400   1701   1702
178414   1702   1703
222206   1703   1704
178407   1704   1705
186759   1705   1706
178396   1706   1707
162719   1707   1708
178390   1708   1709
162715   1709   1710
178385   1710   1711
162691   1711   1712
178195   1712   1713
178376   1713   1714
162704   1714   1715
178308   1715   1716
162688   1716   1717
178241   1717   1718
162662   1718   1719
178184   1719   1720
162636   1720   1721
178099   1721   1722
178102   1722   1723
162615   1723   1724
178073   1724   1725
162605   1725   1726
178046   1726   1727
218881   1727   1728
178029   1728   1729
186699   1729   1730
178018   1730   1731
177996   1731   1732
150641   1732   1733
177888   1733   1734
162524   1734   1735
177792   1735   1736
162499   1736   1737
177707   1737   1738
189781   1738   1739
177841   1739   1740
177540   1740   1741
146096   1741   1742
177575   1742   1743
154133   1743   1744
177608   1744   1745
162479   1745   1746
177638   1746   1747
227802   1747   1748
146391   1748   1749
177694   1749   1750
162508   1750   1751
177871   1751   1752
162558   1752   1753
178037   1753   1754
186737   1754   1755
178219   1755   1756
162701   1756   1757
178432   1757   1758
161807   1758   1759
178363   1759   1760
178459   1760   1761
179343   1761   1762
178478   1762   1763
186867   1763   1764
178497   1764   1765
219027   1765   1766
178451   1766   1767
178535   1767   1768
189920   1768   1769
223375   1769   1770
178560   1770   1771
145434   1771   1772
178614   1772   1773
212460   1773   1774
205755   1774   1775
178672   1775   1776
218378   1776   1777
178770   1777   1778
187045   1778   1779
178854   1779   1780
219751   1780   1781
215729   1781   1782
179204   1782   1783
222511   1783   1784
146511   1784   1785
215761   1785      4
