 76838      5   1926
 29899   1926   1927
 33385   1927   1928
 31487   1928   1929
 39373   1929   1930
 53250   1930   1931
 31489   1931   1932
 48442   1932   1933
 28944   1933   1934
 37130   1934   1935
 32620   1935   1936
 34923   1936   1937
 32667   1937   1938
  9678   1938   1939
 12810   1939   1940
 32743   1940   1941
 19552   1941   1942
 21558   1942   1943
 25414   1943   1944
 34629   1944   1945
 30307   1945   1946
 32460   1946   1947
 16636   1947   1948
 11774   1948   1949
 32459   1949   1950
 34519   1950   1951
 32458   1951   1952
 11555   1952   1953
  6807   1953   1954
 31614   1954   1955
  4944   1955   1956
   813   1956   1957
 32739   1957   1958
 58451   1958   1959
 35189   1959   1960
 32738   1960   1961
 53377   1961   1962
 32740   1962   1963
  6664   1963   1964
  5072   1964   1965
 32741   1965   1966
 32811   1966   1967
 35124   1967   1968
 32742   1968   1969
 17991   1969   1970
 23614   1970   1971
 38071   1971   1972
 25143   1972   1973
 29479   1973   1974
 35179   1974   1975
 15607   1975   1976
 31675   1976   1977
  7512   1977   1978
  2862   1978   1979
 32309   1979   1980
 34489   1980   1981
 32307   1981   1982
 65284   1982   1983
 73196   1983   1984
 32303   1984   1985
 75169   1985   1986
 74610   1986   1987
 32293   1987   1988
 18915   1988   1989
 17131   1989   1990
 32283   1990   1991
 34466   1991   1992
 32281   1992   1993
 17127   1993   1994
 32279   1994   1995
 34461   1995   1996
 32274   1996   1997
 34455   1997   1998
 32269   1998   1999
 34453   1999   2000
 32260   2000   2001
 34451   2001   2002
 32255   2002   2003
 34449   2003   2004
 32248   2004   2005
 34444   2005   2006
 32246   2006   2007
 34440   2007   2008
 32243   2008   2009
 34634   2009   2010
 32238   2010   2011
 17072   2011   2012
 32236   2012   2013
 34435   2013   2014
 32233   2014   2015
 66929   2015   2016
 56045   2016   2017
 32224   2017   2018
 31996   2018   2019
 34418   2019   2020
 32219   2020   2021
 69077   2021   2022
 32215   2022   2023
  1388   2023   2024
   201   2024   2025
 32209   2025   2026
 34391   2026   2027
 32204   2027   2028
 34381   2028   2029
 32198   2029   2030
 34371   2030   2031
 32196   2031   2032
 40691   2032   2033
 32193   2033   2034
 34365   2034   2035
 32190   2035   2036
 43059   2036   2037
 32185   2037   2038
  8326   2038   2039
 32183   2039   2040
 34351   2040   2041
 32175   2041   2042
 34348   2042   2043
 32171   2043   2044
 34344   2044   2045
 32169   2045   2046
 16984   2046   2047
 32166   2047   2048
 34336   2048   2049
 32162   2049   2050
 34330   2050   2051
 32158   2051   2052
 34325   2052   2053
 32153   2053   2054
 16970   2054   2055
 32149   2055   2056
 34319   2056   2057
 32144   2057   2058
 34316   2058   2059
 32137   2059   2060
 34312   2060   2061
 32134   2061   2062
 72051   2062   2063
 32129   2063   2064
 77114   2064   2065
 32120   2065   2066
 34297   2066   2067
 32110   2067   2068
 51500   2068   2069
 32101   2069   2070
 34280   2070   2071
 32096   2071   2072
 34273   2072   2073
 32087   2073   2074
 34452   2074   2075
 32083   2075   2076
  2208   2076   2077
 77670   2077   2078
 32078   2078   2079
 73250   2079   2080
 52702   2080   2081
 27337   2081   2082
  2899   2082   2083
  2756   2083   2084
 32467   2084   2085
 67092   2085   2086
 66189   2086   2087
 32500   2087   2088
 37730   2088   2089
 32457   2089   2090
   290   2090   2091
 77277   2091   2092
 32288   2092   2093
 34739   2093   2094
 32118   2094   2095
 34359   2095   2096
 30837   2096   2097
 31473   2097   2098
 30581   2098   2099
 29892   2099   2100
 33762   2100   2101
 33056   2101   2102
 34712   2102   2103
 32684   2103   2104
 31191   2104   2105
 34200   2105   2106
 32607   2106   2107
 75489   2107   2108
 70239   2108   2109
 32680   2109   2110
 76507   2110   2111
 32820   2111   2112
  1411   2112   2113
 77099   2113   2114
 31833   2114   2115
 66571   2115   2116
 75647   2116   2117
 25557   2117   2118
  4435   2118   2119
 77474   2119   2120
 32430   2120   2121
 35024   2121   2122
 32475   2122   2123
 71543   2123   2124
  4027   2124   2125
 32445   2125   2126
 67303   2126   2127
 76310   2127   2128
 32515   2128   2129
 33612   2129   2130
 36157   2130   2131
 32450   2131   2132
  2129   2132   2133
 76726   2133   2134
 32476   2134   2135
 77246   2135   2136
 32440   2136   2137
 30811   2137   2138
 34713   2138   2139
 25826   2139   2140
 55025   2140   2141
 48231   2141   2142
 32315   2142   2143
  8294   2143   2144
 77542   2144   2145
 32810   2145   2146
 35473   2146   2147
 32677   2147   2148
  6495   2148   2149
 77242   2149   2150
 32636   2150   2151
 75962   2151   2152
 62476   2152   2153
 32630   2153   2154
 32615   2154   2155
 77646   2155   2156
 32575   2156   2157
 33796   2157   2158
 32623   2158   2159
 32592   2159   2160
 33789   2160   2161
 32536   2161   2162
 77306   2162   2163
 66126   2163   2164
 32626   2164   2165
 33934   2165   2166
 32583   2166   2167
 32605   2167   2168
 34007   2168   2169
 32641   2169   2170
 32670   2170   2171
 34071   2171   2172
 32785   2172   2173
 37857   2173   2174
 33667   2174   2175
 32054   2175   2176
 34228   2176   2177
 28337   2177   2178
 29455   2178   2179
 32928   2179   2180
 32455   2180   2181
 34120   2181   2182
 32843   2182   2183
 31466   2183   2184
 33114   2184   2185
 31194   2185   2186
 74865   2186   2187
  2701   2187   2188
 26293   2188   2189
 42102   2189   2190
 33716   2190   2191
 32356   2191   2192
 32304   2192   2193
 38933   2193   2194
 32363   2194   2195
 34074   2195   2196
 32402   2196   2197
 31598   2197   2198
 28798   2198   2199
 32622   2199   2200
 30747   2200   2201
 33084   2201   2202
 31653   2202   2203
 77351   2203   2204
 32482   2204   2205
 33931   2205   2206
 32484   2206   2207
 57146   2207   2208
 64311   2208   2209
 32586   2209   2210
 34142   2210   2211
 32582   2211   2212
 32631   2212   2213
 34428   2213   2214
 32645   2214   2215
 42175   2215   2216
 32682   2216   2217
 72208   2217   2218
 66629   2218   2219
 32775   2219   2220
 35309   2220   2221
 32823   2221   2222
 68961   2222   2223
 74896   2223   2224
 32870   2224   2225
 36059   2225   2226
 32913   2226   2227
 67051   2227   2228
 65115   2228   2229
 32959   2229   2230
 77570   2230   2231
 33004   2231   2232
 33699   2232   2233
 49273   2233   2234
 33010   2234   2235
 33730   2235   2236
 41676   2236   2237
 33078   2237   2238
 36666   2238   2239
 33087   2239   2240
 20414   2240   2241
 21162   2241   2242
 33158   2242   2243
  2894   2243   2244
 33172   2244   2245
  6406   2245   2246
 33199   2246   2247
 77716   2247   2248
  3002   2248   2249
 33205   2249   2250
 36845   2250   2251
 33246   2251   2252
 75241   2252   2253
 77415   2253   2254
 33265   2254   2255
 43094   2255   2256
 33306   2256   2257
 75983   2257   2258
 38855   2258   2259
 33317   2259   2260
 47201   2260   2261
 40717   2261   2262
 33363   2262   2263
 34086   2263   2264
 37747   2264   2265
 33342   2265   2266
 61723   2266   2267
 59916   2267   2268
 33388   2268   2269
 37537   2269   2270
 33382   2270   2271
 65904   2271   2272
 63438   2272   2273
 33420   2273   2274
 37489   2274   2275
 33418   2275   2276
 40948   2276   2277
 37538   2277   2278
 33442   2278   2279
  1421   2279   2280
 65865   2280   2281
 33435   2281   2282
 74524   2282   2283
 67023   2283   2284
 33482   2284   2285
 38024   2285   2286
 37899   2286   2287
 33461   2287   2288
 19073   2288   2289
 15640   2289   2290
 33498   2290   2291
 70227   2291   2292
 38066   2292   2293
 33468   2293   2294
  1214   2294   2295
  7080   2295   2296
 33520   2296   2297
 34564   2297   2298
 38250   2298   2299
 33480   2299   2300
 38278   2300   2301
 33527   2301   2302
 41131   2302   2303
 33540   2303   2304
 40425   2304   2305
 42497   2305   2306
 33470   2306   2307
 15974   2307   2308
 19493   2308   2309
 33495   2309   2310
 34169   2310   2311
 37866   2311   2312
 33448   2312   2313
 69364   2313   2314
 67407   2314   2315
 33475   2315   2316
 37883   2316   2317
 37551   2317   2318
 33436   2318   2319
 21445   2319   2320
 23756   2320   2321
 33446   2321   2322
  9964   2322   2323
  5551   2323   2324
 33419   2324   2325
 18849   2325   2326
 28663   2326   2327
 33424   2327   2328
 15624   2328   2329
 19320   2329   2330
 33383   2330   2331
 37738   2331   2332
 33391   2332   2333
 28627   2333   2334
 19381   2334   2335
 33343   2335   2336
 37910   2336   2337
 33353   2337   2338
 21356   2338   2339
 24601   2339   2340
 33291   2340   2341
 10251   2341   2342
 33314   2342   2343
 34822   2343   2344
 19641   2344   2345
 33258   2345   2346
 38482   2346   2347
 33275   2347   2348
 21405   2348   2349
 23735   2349   2350
 33184   2350   2351
 65748   2351   2352
 72778   2352   2353
 33197   2353   2354
 19512   2354   2355
 33137   2355   2356
 17872   2356   2357
 20413   2357   2358
 33104   2358   2359
 21224   2359   2360
 33031   2360   2361
 20300   2361   2362
 18560   2362   2363
 32978   2363   2364
 36500   2364   2365
 32905   2365   2366
 72043   2366   2367
 75754   2367   2368
 32895   2368   2369
 68105   2369   2370
 32855   2370   2371
 62972   2371   2372
 50308   2372   2373
 32788   2373   2374
 34684   2374   2375
 32708   2375   2376
 67105   2376   2377
 63744   2377   2378
 32572   2378   2379
 33719   2379   2380
 32562   2380   2381
 66717   2381   2382
 62852   2382   2383
 32380   2383   2384
 44124   2384   2385
 32444   2385   2386
   581   2386   2387
 25179   2387   2388
 33676   2388   2389
 19671   2389   2390
 17977   2390   2391
 17002   2391   2392
 14299   2392   2393
 32881   2393   2394
 77460   2394   2395
 74190   2395   2396
 30678   2396   2397
 27876   2397   2398
 35443   2398   2399
 28529   2399   2400
 31726   2400   2401
 36022   2401   2402
 49685   2402   2403
 58122   2403   2404
 33093   2404   2405
 48758   2405   2406
 34655   2406   2407
 35861   2407   2408
 25298   2408   2409
 31821   2409   2410
 75135   2410   2411
 76150   2411   2412
 32564   2412   2413
 66948   2413   2414
 76515   2414   2415
 32880   2415   2416
 76392   2416   2417
 30876   2417   2418
 75745   2418   2419
 25266   2419   2420
 73802   2420   2421
 34303   2421   2422
 35415   2422   2423
 33097   2423   2424
 65619   2424   2425
 64921   2425   2426
 33094   2426   2427
 68032   2427   2428
 35747   2428   2429
 33090   2429   2430
 68041   2430   2431
 35800   2431   2432
 33092   2432   2433
 33213   2433   2434
 64483   2434   2435
 33091   2435   2436
 33604   2436   2437
 50982   2437   2438
 32902   2438   2439
 37091   2439   2440
 32714   2440   2441
 34117   2441   2442
 33753   2442   2443
 37928   2443   2444
 24843   2444   2445
 48999   2445   2446
 30667   2446   2447
 54256   2447   2448
 32452   2448   2449
 39992   2449   2450
 21776   2450   2451
 34962   2451   2452
 21689   2452   2453
 31472   2453   2454
 28554   2454   2455
 35154   2455   2456
 32182   2456   2457
 34352   2457   2458
 32178   2458   2459
 31945   2459   2460
 34306   2460   2461
 32176   2461   2462
 34346   2462   2463
 32170   2463   2464
   511   2464   2465
    23   2465   2466
 32168   2466   2467
 34337   2467   2468
 32163   2468   2469
 31930   2469   2470
 34322   2470   2471
 32155   2471   2472
 67761   2472   2473
 32150   2473   2474
 66092   2474   2475
 32139   2475   2476
 61155   2476   2477
 32135   2477   2478
 34766   2478   2479
 32127   2479   2480
 34305   2480   2481
 32122   2481   2482
  6151   2482   2483
 34299   2483   2484
 32114   2484   2485
 34291   2485   2486
 32106   2486   2487
 31898   2487   2488
 34285   2488   2489
 32100   2489   2490
 34276   2490   2491
 32094   2491   2492
 75953   2492   2493
 75124   2493   2494
 32085   2494   2495
 34271   2495   2496
 32081   2496   2497
 12833   2497   2498
 34268   2498   2499
 32075   2499   2500
 34264   2500   2501
 32069   2501   2502
 34262   2502   2503
 32061   2503   2504
 34251   2504   2505
 32056   2505   2506
 34246   2506   2507
 32050   2507   2508
 34243   2508   2509
 32040   2509   2510
 34477   2510   2511
 72274   2511   2512
 32032   2512   2513
 34236   2513   2514
 32026   2514   2515
 74104   2515   2516
 34231   2516   2517
 32025   2517   2518
 34232   2518   2519
 32017   2519   2520
 34227   2520   2521
 32009   2521   2522
 34223   2522   2523
 32002   2523   2524
 34220   2524   2525
 31995   2525   2526
 34218   2526   2527
 31993   2527   2528
  5834   2528   2529
  2527   2529   2530
 31988   2530   2531
 34166   2531   2532
 31775   2532   2533
 74935   2533   2534
 31551   2534   2535
 71056   2535   2536
 65921   2536   2537
 31060   2537   2538
 33579   2538   2539
 30603   2539   2540
 74744   2540   2541
 29424   2541   2542
 65785   2542      6
