214694      3   1403
175499   1403   1404
220891   1404   1405
175969   1405   1406
212918   1406   1407
188023   1407   1408
176246   1408   1409
229060   1409   1410
176310   1410   1411
155653   1411   1412
176389   1412   1413
179987   1413   1414
176423   1414   1415
179990   1415   1416
176458   1416   1417
151161   1417   1418
221912   1418   1419
176482   1419   1420
176426   1420   1421
161948   1421   1422
176502   1422   1423
217837   1423   1424
217186   1424   1425
176514   1425   1426
176445   1426   1427
157110   1427   1428
176522   1428   1429
179999   1429   1430
176440   1430   1431
179971   1431   1432
176338   1432   1433
217741   1433   1434
214170   1434   1435
176208   1435   1436
158302   1436   1437
176180   1437   1438
179921   1438   1439
176147   1439   1440
217507   1440   1441
206215   1441   1442
176092   1442   1443
176266   1443   1444
159459   1444   1445
176289   1445   1446
179978   1446   1447
176406   1447   1448
180008   1448   1449
176523   1449   1450
228802   1450   1451
148439   1451   1452
176507   1452   1453
176377   1453   1454
179996   1454   1455
176489   1455   1456
176333   1456   1457
179989   1457   1458
176431   1458   1459
179982   1459   1460
176387   1460   1461
179966   1461   1462
176306   1462   1463
179960   1463   1464
176229   1464   1465
211466   1465   1466
225507   1466   1467
175818   1467   1468
179665   1468   1469
174873   1469   1470
217095   1470      4
